{
 "cells": [
  {
   "cell_type": "code",
   "execution_count": 4,
   "metadata": {},
   "outputs": [],
   "source": [
    "from collections import namedtuple,deque\n",
    "from heapq import heappush, heappop\n",
    "from random import choice\n",
    "from tqdm.auto import tqdm\n",
    "import numpy as np"
   ]
  },
  {
   "cell_type": "code",
   "execution_count": 5,
   "metadata": {},
   "outputs": [],
   "source": [
    "PUZZLE_DIM = 5\n",
    "action = namedtuple('Action', ['pos1', 'pos2'])"
   ]
  },
  {
   "cell_type": "code",
   "execution_count": 6,
   "metadata": {},
   "outputs": [],
   "source": [
    "def available_actions(state: np.ndarray) -> list['Action']:\n",
    "    x, y = [int(_[0]) for _ in np.where(state == 0)]\n",
    "    actions = list()\n",
    "    if x > 0:\n",
    "        actions.append(action((x, y), (x - 1, y)))\n",
    "    if x < PUZZLE_DIM - 1:\n",
    "        actions.append(action((x, y), (x + 1, y)))\n",
    "    if y > 0:\n",
    "        actions.append(action((x, y), (x, y - 1)))\n",
    "    if y < PUZZLE_DIM - 1:\n",
    "        actions.append(action((x, y), (x, y + 1)))\n",
    "    return actions\n",
    "\n",
    "\n",
    "\n",
    "def do_action(state: np.ndarray, action: 'Action') -> np.ndarray:\n",
    "    new_state = state.copy()\n",
    "    new_state[action.pos1], new_state[action.pos2] = new_state[action.pos2], new_state[action.pos1]\n",
    "    return new_state"
   ]
  },
  {
   "cell_type": "code",
   "execution_count": 7,
   "metadata": {},
   "outputs": [
    {
     "data": {
      "application/vnd.jupyter.widget-view+json": {
       "model_id": "d0025a6fdfc14e37a990a07d7c331769",
       "version_major": 2,
       "version_minor": 0
      },
      "text/plain": [
       "Randomizing:   0%|          | 0/100000 [00:00<?, ?it/s]"
      ]
     },
     "metadata": {},
     "output_type": "display_data"
    },
    {
     "data": {
      "text/plain": [
       "array([[21, 19, 14,  9, 20],\n",
       "       [ 4, 12, 11,  5, 24],\n",
       "       [23,  7,  1, 13,  6],\n",
       "       [17, 22,  3, 15,  8],\n",
       "       [ 2, 18, 10, 16,  0]])"
      ]
     },
     "execution_count": 7,
     "metadata": {},
     "output_type": "execute_result"
    }
   ],
   "source": [
    "RANDOMIZE_STEPS = 100_000\n",
    "state = np.array([i for i in range(1, PUZZLE_DIM**2)] + [0]).reshape((PUZZLE_DIM, PUZZLE_DIM))\n",
    "for r in tqdm(range(RANDOMIZE_STEPS), desc='Randomizing'):\n",
    "    state = do_action(state, choice(available_actions(state)))\n",
    "state"
   ]
  },
  {
   "cell_type": "code",
   "execution_count": 8,
   "metadata": {},
   "outputs": [],
   "source": [
    "class CustomHeuristicService:\n",
    "    def __init__(self, goal_state: np.ndarray, puzzle_dim: int):\n",
    "        self.goal_state = goal_state\n",
    "        self.puzzle_dim = puzzle_dim\n",
    "\n",
    "    def heuristic_weighted_manhattan(self, state: np.ndarray) -> int:\n",
    "        \"\"\"\n",
    "        Modified Manhattan distance with increased weight.\n",
    "        \"\"\"\n",
    "        distance = 0\n",
    "        size = state.shape[0]\n",
    "        for row in range(size):\n",
    "            for col in range(size):\n",
    "                value = state[row][col]\n",
    "                if value != 0:\n",
    "                    target_row = (value - 1) // size\n",
    "                    target_col = (value - 1) % size\n",
    "                    distance += 2 * (abs(row - target_row) + abs(col - target_col))  # Weighted by 2\n",
    "        return distance\n",
    "\n",
    "    def heuristic_combined_conflict(self, state: np.ndarray) -> int:\n",
    "        \"\"\"\n",
    "        Modified linear conflict combining row and column checks in a single pass.\n",
    "        \"\"\"\n",
    "        size = state.shape[0]\n",
    "        conflicts = 0\n",
    "        for i in range(size):\n",
    "            row_max, col_max = -1, -1\n",
    "            for j in range(size):\n",
    "                # Row conflict\n",
    "                row_value = state[i][j]\n",
    "                if row_value != 0 and (row_value - 1) // size == i:  # Correct row\n",
    "                    if row_value > row_max:\n",
    "                        row_max = row_value\n",
    "                    else:\n",
    "                        conflicts += 2\n",
    "                # Column conflict\n",
    "                col_value = state[j][i]\n",
    "                if col_value != 0 and (col_value - 1) % size == i:  # Correct column\n",
    "                    if col_value > col_max:\n",
    "                        col_max = col_value\n",
    "                    else:\n",
    "                        conflicts += 2\n",
    "        return conflicts\n",
    "\n",
    "    def heuristic_adjusted_walking_distance(self, state: np.ndarray) -> int:\n",
    "        \"\"\"\n",
    "        Modified walking distance with squared penalties for far tiles.\n",
    "        \"\"\"\n",
    "        size = state.shape[0]\n",
    "        distance_grid = [[0] * size for _ in range(size)]\n",
    "        for row in range(size):\n",
    "            for col in range(size):\n",
    "                value = state[row][col]\n",
    "                if value != 0:\n",
    "                    target_row = (value - 1) // size\n",
    "                    target_col = (value - 1) % size\n",
    "                    distance_grid[row][col] = (\n",
    "                        abs(row - target_row) ** 2 + abs(col - target_col) ** 2\n",
    "                    )\n",
    "        return sum(sum(row) for row in distance_grid)\n",
    "\n",
    "    def heuristic_misplaced_tiles(self, state: np.ndarray) -> int:\n",
    "        \"\"\"\n",
    "        New heuristic: Count the number of misplaced tiles.\n",
    "        \"\"\"\n",
    "        size = state.shape[0]\n",
    "        misplaced = 0\n",
    "        for row in range(size):\n",
    "            for col in range(size):\n",
    "                value = state[row][col]\n",
    "                if value != 0:\n",
    "                    goal_row = (value - 1) // size\n",
    "                    goal_col = (value - 1) % size\n",
    "                    if row != goal_row or col != goal_col:\n",
    "                        misplaced += 1\n",
    "        return misplaced\n",
    "\n",
    "    def compute_multiplication_factor(self) -> int:\n",
    "        \"\"\"\n",
    "        Dynamically adjusts the heuristic multiplier based on the puzzle dimension.\n",
    "        \"\"\"\n",
    "        if self.puzzle_dim <= 4:\n",
    "            return 1\n",
    "        elif self.puzzle_dim == 5:\n",
    "            return 5\n",
    "        elif 5 < self.puzzle_dim <= 6:\n",
    "            return 10_000\n",
    "        else:\n",
    "            return int(5_000 * (self.puzzle_dim ** 1.2))  # Scaled for larger puzzles\n",
    "\n",
    "    def combined_heuristic(self, state: np.ndarray) -> int:\n",
    "        \"\"\"\n",
    "        Combines the modified heuristics using a weighted sum.\n",
    "        \"\"\"\n",
    "        factor = self.compute_multiplication_factor()\n",
    "        return factor * (\n",
    "            1.5 * self.heuristic_weighted_manhattan(state)  # Weighted Manhattan\n",
    "            + 1.2 * self.heuristic_combined_conflict(state)  # Modified linear conflict\n",
    "            + 0.8 * self.heuristic_adjusted_walking_distance(state)  # Adjusted walking\n",
    "            + 0.5 * self.heuristic_misplaced_tiles(state)  # Misplaced tiles\n",
    "        )\n"
   ]
  },
  {
   "cell_type": "code",
   "execution_count": 9,
   "metadata": {},
   "outputs": [],
   "source": [
    "def a_star_solver_with_custom_heuristics(start_state: np.ndarray, goal_state: np.ndarray) -> tuple[list, int]:\n",
    "    \"\"\"\n",
    "    Solves the n^2-1 puzzle using A* search with custom heuristics.\n",
    "    \"\"\"\n",
    "    puzzle_dim = start_state.shape[0]\n",
    "    heuristic_service = CustomHeuristicService(goal_state, puzzle_dim)\n",
    "\n",
    "    open_list = []\n",
    "    visited = set()\n",
    "\n",
    "    start_hashable = tuple(map(tuple, start_state))\n",
    "    goal_hashable = tuple(map(tuple, goal_state))\n",
    "\n",
    "    heappush(open_list, (0, 0, start_hashable, []))  # (f, g, state_tuple, path)\n",
    "\n",
    "    while open_list:\n",
    "        f, g, current_hashable, path = heappop(open_list)\n",
    "\n",
    "        if current_hashable == goal_hashable:\n",
    "            solution_path = [np.array(state) for state in path + [current_hashable]]\n",
    "            return solution_path, len(visited)\n",
    "\n",
    "        visited.add(current_hashable)\n",
    "\n",
    "        current_state = np.array(current_hashable)\n",
    "        for move in available_actions(current_state):\n",
    "            next_state = do_action(current_state, move)\n",
    "            next_hashable = tuple(map(tuple, next_state))\n",
    "\n",
    "            if next_hashable in visited:\n",
    "                continue\n",
    "\n",
    "            h = heuristic_service.combined_heuristic(next_state)\n",
    "            new_g = g + 1\n",
    "            new_f = new_g + h\n",
    "\n",
    "            heappush(open_list, (new_f, new_g, next_hashable, path + [current_hashable]))\n",
    "\n",
    "    return None, len(visited)\n"
   ]
  },
  {
   "cell_type": "code",
   "execution_count": 10,
   "metadata": {},
   "outputs": [
    {
     "name": "stdout",
     "output_type": "stream",
     "text": [
      "Randomized Start State:\n",
      "[[21 19 14  9 20]\n",
      " [ 4 12 11  5 24]\n",
      " [23  7  1 13  6]\n",
      " [17 22  3 15  8]\n",
      " [ 2 18 10 16  0]]\n",
      "\n",
      "Goal State:\n",
      "[[ 1  2  3  4  5]\n",
      " [ 6  7  8  9 10]\n",
      " [11 12 13 14 15]\n",
      " [16 17 18 19 20]\n",
      " [21 22 23 24  0]]\n",
      "\n",
      "Solution Found!\n",
      "Number of Moves: 200\n",
      "States Evaluated: 3666\n",
      "\n",
      "Replay Solution Steps:\n",
      "\n",
      "Step 0:\n",
      "[[21 19 14  9 20]\n",
      " [ 4 12 11  5 24]\n",
      " [23  7  1 13  6]\n",
      " [17 22  3 15  8]\n",
      " [ 2 18 10 16  0]]\n",
      "\n",
      "Step 1:\n",
      "[[21 19 14  9 20]\n",
      " [ 4 12 11  5 24]\n",
      " [23  7  1 13  6]\n",
      " [17 22  3 15  0]\n",
      " [ 2 18 10 16  8]]\n",
      "\n",
      "Step 2:\n",
      "[[21 19 14  9 20]\n",
      " [ 4 12 11  5 24]\n",
      " [23  7  1 13  6]\n",
      " [17 22  3  0 15]\n",
      " [ 2 18 10 16  8]]\n",
      "\n",
      "Step 3:\n",
      "[[21 19 14  9 20]\n",
      " [ 4 12 11  5 24]\n",
      " [23  7  1 13  6]\n",
      " [17 22  3 16 15]\n",
      " [ 2 18 10  0  8]]\n",
      "\n",
      "Step 4:\n",
      "[[21 19 14  9 20]\n",
      " [ 4 12 11  5 24]\n",
      " [23  7  1 13  6]\n",
      " [17 22  3 16 15]\n",
      " [ 2 18  0 10  8]]\n",
      "\n",
      "Step 5:\n",
      "[[21 19 14  9 20]\n",
      " [ 4 12 11  5 24]\n",
      " [23  7  1 13  6]\n",
      " [17 22  3 16 15]\n",
      " [ 2  0 18 10  8]]\n",
      "\n",
      "Step 6:\n",
      "[[21 19 14  9 20]\n",
      " [ 4 12 11  5 24]\n",
      " [23  7  1 13  6]\n",
      " [17  0  3 16 15]\n",
      " [ 2 22 18 10  8]]\n",
      "\n",
      "Step 7:\n",
      "[[21 19 14  9 20]\n",
      " [ 4 12 11  5 24]\n",
      " [23  7  1 13  6]\n",
      " [ 0 17  3 16 15]\n",
      " [ 2 22 18 10  8]]\n",
      "\n",
      "Step 8:\n",
      "[[21 19 14  9 20]\n",
      " [ 4 12 11  5 24]\n",
      " [ 0  7  1 13  6]\n",
      " [23 17  3 16 15]\n",
      " [ 2 22 18 10  8]]\n",
      "\n",
      "Step 9:\n",
      "[[21 19 14  9 20]\n",
      " [ 4 12 11  5 24]\n",
      " [ 7  0  1 13  6]\n",
      " [23 17  3 16 15]\n",
      " [ 2 22 18 10  8]]\n",
      "\n",
      "Step 10:\n",
      "[[21 19 14  9 20]\n",
      " [ 4 12 11  5 24]\n",
      " [ 7  1  0 13  6]\n",
      " [23 17  3 16 15]\n",
      " [ 2 22 18 10  8]]\n",
      "\n",
      "Step 11:\n",
      "[[21 19 14  9 20]\n",
      " [ 4 12 11  5 24]\n",
      " [ 7  1  3 13  6]\n",
      " [23 17  0 16 15]\n",
      " [ 2 22 18 10  8]]\n",
      "\n",
      "Step 12:\n",
      "[[21 19 14  9 20]\n",
      " [ 4 12 11  5 24]\n",
      " [ 7  1  3 13  6]\n",
      " [23 17 16  0 15]\n",
      " [ 2 22 18 10  8]]\n",
      "\n",
      "Step 13:\n",
      "[[21 19 14  9 20]\n",
      " [ 4 12 11  5 24]\n",
      " [ 7  1  3 13  6]\n",
      " [23 17 16 10 15]\n",
      " [ 2 22 18  0  8]]\n",
      "\n",
      "Step 14:\n",
      "[[21 19 14  9 20]\n",
      " [ 4 12 11  5 24]\n",
      " [ 7  1  3 13  6]\n",
      " [23 17 16 10 15]\n",
      " [ 2 22 18  8  0]]\n",
      "\n",
      "Step 15:\n",
      "[[21 19 14  9 20]\n",
      " [ 4 12 11  5 24]\n",
      " [ 7  1  3 13  6]\n",
      " [23 17 16 10  0]\n",
      " [ 2 22 18  8 15]]\n",
      "\n",
      "Step 16:\n",
      "[[21 19 14  9 20]\n",
      " [ 4 12 11  5 24]\n",
      " [ 7  1  3 13  6]\n",
      " [23 17 16  0 10]\n",
      " [ 2 22 18  8 15]]\n",
      "\n",
      "Step 17:\n",
      "[[21 19 14  9 20]\n",
      " [ 4 12 11  5 24]\n",
      " [ 7  1  3 13  6]\n",
      " [23 17 16  8 10]\n",
      " [ 2 22 18  0 15]]\n",
      "\n",
      "Step 18:\n",
      "[[21 19 14  9 20]\n",
      " [ 4 12 11  5 24]\n",
      " [ 7  1  3 13  6]\n",
      " [23 17 16  8 10]\n",
      " [ 2 22  0 18 15]]\n",
      "\n",
      "Step 19:\n",
      "[[21 19 14  9 20]\n",
      " [ 4 12 11  5 24]\n",
      " [ 7  1  3 13  6]\n",
      " [23 17  0  8 10]\n",
      " [ 2 22 16 18 15]]\n",
      "\n",
      "Step 20:\n",
      "[[21 19 14  9 20]\n",
      " [ 4 12 11  5 24]\n",
      " [ 7  1  3 13  6]\n",
      " [23 17  8  0 10]\n",
      " [ 2 22 16 18 15]]\n",
      "\n",
      "Step 21:\n",
      "[[21 19 14  9 20]\n",
      " [ 4 12 11  5 24]\n",
      " [ 7  1  3  0  6]\n",
      " [23 17  8 13 10]\n",
      " [ 2 22 16 18 15]]\n",
      "\n",
      "Step 22:\n",
      "[[21 19 14  9 20]\n",
      " [ 4 12 11  5 24]\n",
      " [ 7  1  3  6  0]\n",
      " [23 17  8 13 10]\n",
      " [ 2 22 16 18 15]]\n",
      "\n",
      "Step 23:\n",
      "[[21 19 14  9 20]\n",
      " [ 4 12 11  5  0]\n",
      " [ 7  1  3  6 24]\n",
      " [23 17  8 13 10]\n",
      " [ 2 22 16 18 15]]\n",
      "\n",
      "Step 24:\n",
      "[[21 19 14  9  0]\n",
      " [ 4 12 11  5 20]\n",
      " [ 7  1  3  6 24]\n",
      " [23 17  8 13 10]\n",
      " [ 2 22 16 18 15]]\n",
      "\n",
      "Step 25:\n",
      "[[21 19 14  0  9]\n",
      " [ 4 12 11  5 20]\n",
      " [ 7  1  3  6 24]\n",
      " [23 17  8 13 10]\n",
      " [ 2 22 16 18 15]]\n",
      "\n",
      "Step 26:\n",
      "[[21 19  0 14  9]\n",
      " [ 4 12 11  5 20]\n",
      " [ 7  1  3  6 24]\n",
      " [23 17  8 13 10]\n",
      " [ 2 22 16 18 15]]\n",
      "\n",
      "Step 27:\n",
      "[[21  0 19 14  9]\n",
      " [ 4 12 11  5 20]\n",
      " [ 7  1  3  6 24]\n",
      " [23 17  8 13 10]\n",
      " [ 2 22 16 18 15]]\n",
      "\n",
      "Step 28:\n",
      "[[ 0 21 19 14  9]\n",
      " [ 4 12 11  5 20]\n",
      " [ 7  1  3  6 24]\n",
      " [23 17  8 13 10]\n",
      " [ 2 22 16 18 15]]\n",
      "\n",
      "Step 29:\n",
      "[[ 4 21 19 14  9]\n",
      " [ 0 12 11  5 20]\n",
      " [ 7  1  3  6 24]\n",
      " [23 17  8 13 10]\n",
      " [ 2 22 16 18 15]]\n",
      "\n",
      "Step 30:\n",
      "[[ 4 21 19 14  9]\n",
      " [ 7 12 11  5 20]\n",
      " [ 0  1  3  6 24]\n",
      " [23 17  8 13 10]\n",
      " [ 2 22 16 18 15]]\n",
      "\n",
      "Step 31:\n",
      "[[ 4 21 19 14  9]\n",
      " [ 7 12 11  5 20]\n",
      " [ 1  0  3  6 24]\n",
      " [23 17  8 13 10]\n",
      " [ 2 22 16 18 15]]\n",
      "\n",
      "Step 32:\n",
      "[[ 4 21 19 14  9]\n",
      " [ 7  0 11  5 20]\n",
      " [ 1 12  3  6 24]\n",
      " [23 17  8 13 10]\n",
      " [ 2 22 16 18 15]]\n",
      "\n",
      "Step 33:\n",
      "[[ 4  0 19 14  9]\n",
      " [ 7 21 11  5 20]\n",
      " [ 1 12  3  6 24]\n",
      " [23 17  8 13 10]\n",
      " [ 2 22 16 18 15]]\n",
      "\n",
      "Step 34:\n",
      "[[ 0  4 19 14  9]\n",
      " [ 7 21 11  5 20]\n",
      " [ 1 12  3  6 24]\n",
      " [23 17  8 13 10]\n",
      " [ 2 22 16 18 15]]\n",
      "\n",
      "Step 35:\n",
      "[[ 7  4 19 14  9]\n",
      " [ 0 21 11  5 20]\n",
      " [ 1 12  3  6 24]\n",
      " [23 17  8 13 10]\n",
      " [ 2 22 16 18 15]]\n",
      "\n",
      "Step 36:\n",
      "[[ 7  4 19 14  9]\n",
      " [21  0 11  5 20]\n",
      " [ 1 12  3  6 24]\n",
      " [23 17  8 13 10]\n",
      " [ 2 22 16 18 15]]\n",
      "\n",
      "Step 37:\n",
      "[[ 7  4 19 14  9]\n",
      " [21 11  0  5 20]\n",
      " [ 1 12  3  6 24]\n",
      " [23 17  8 13 10]\n",
      " [ 2 22 16 18 15]]\n",
      "\n",
      "Step 38:\n",
      "[[ 7  4  0 14  9]\n",
      " [21 11 19  5 20]\n",
      " [ 1 12  3  6 24]\n",
      " [23 17  8 13 10]\n",
      " [ 2 22 16 18 15]]\n",
      "\n",
      "Step 39:\n",
      "[[ 7  0  4 14  9]\n",
      " [21 11 19  5 20]\n",
      " [ 1 12  3  6 24]\n",
      " [23 17  8 13 10]\n",
      " [ 2 22 16 18 15]]\n",
      "\n",
      "Step 40:\n",
      "[[ 0  7  4 14  9]\n",
      " [21 11 19  5 20]\n",
      " [ 1 12  3  6 24]\n",
      " [23 17  8 13 10]\n",
      " [ 2 22 16 18 15]]\n",
      "\n",
      "Step 41:\n",
      "[[21  7  4 14  9]\n",
      " [ 0 11 19  5 20]\n",
      " [ 1 12  3  6 24]\n",
      " [23 17  8 13 10]\n",
      " [ 2 22 16 18 15]]\n",
      "\n",
      "Step 42:\n",
      "[[21  7  4 14  9]\n",
      " [ 1 11 19  5 20]\n",
      " [ 0 12  3  6 24]\n",
      " [23 17  8 13 10]\n",
      " [ 2 22 16 18 15]]\n",
      "\n",
      "Step 43:\n",
      "[[21  7  4 14  9]\n",
      " [ 1 11 19  5 20]\n",
      " [12  0  3  6 24]\n",
      " [23 17  8 13 10]\n",
      " [ 2 22 16 18 15]]\n",
      "\n",
      "Step 44:\n",
      "[[21  7  4 14  9]\n",
      " [ 1  0 19  5 20]\n",
      " [12 11  3  6 24]\n",
      " [23 17  8 13 10]\n",
      " [ 2 22 16 18 15]]\n",
      "\n",
      "Step 45:\n",
      "[[21  0  4 14  9]\n",
      " [ 1  7 19  5 20]\n",
      " [12 11  3  6 24]\n",
      " [23 17  8 13 10]\n",
      " [ 2 22 16 18 15]]\n",
      "\n",
      "Step 46:\n",
      "[[ 0 21  4 14  9]\n",
      " [ 1  7 19  5 20]\n",
      " [12 11  3  6 24]\n",
      " [23 17  8 13 10]\n",
      " [ 2 22 16 18 15]]\n",
      "\n",
      "Step 47:\n",
      "[[ 1 21  4 14  9]\n",
      " [ 0  7 19  5 20]\n",
      " [12 11  3  6 24]\n",
      " [23 17  8 13 10]\n",
      " [ 2 22 16 18 15]]\n",
      "\n",
      "Step 48:\n",
      "[[ 1 21  4 14  9]\n",
      " [12  7 19  5 20]\n",
      " [ 0 11  3  6 24]\n",
      " [23 17  8 13 10]\n",
      " [ 2 22 16 18 15]]\n",
      "\n",
      "Step 49:\n",
      "[[ 1 21  4 14  9]\n",
      " [12  7 19  5 20]\n",
      " [11  0  3  6 24]\n",
      " [23 17  8 13 10]\n",
      " [ 2 22 16 18 15]]\n",
      "\n",
      "Step 50:\n",
      "[[ 1 21  4 14  9]\n",
      " [12  7 19  5 20]\n",
      " [11  3  0  6 24]\n",
      " [23 17  8 13 10]\n",
      " [ 2 22 16 18 15]]\n",
      "\n",
      "Step 51:\n",
      "[[ 1 21  4 14  9]\n",
      " [12  7 19  5 20]\n",
      " [11  3  6  0 24]\n",
      " [23 17  8 13 10]\n",
      " [ 2 22 16 18 15]]\n",
      "\n",
      "Step 52:\n",
      "[[ 1 21  4 14  9]\n",
      " [12  7 19  5 20]\n",
      " [11  3  6 24  0]\n",
      " [23 17  8 13 10]\n",
      " [ 2 22 16 18 15]]\n",
      "\n",
      "Step 53:\n",
      "[[ 1 21  4 14  9]\n",
      " [12  7 19  5  0]\n",
      " [11  3  6 24 20]\n",
      " [23 17  8 13 10]\n",
      " [ 2 22 16 18 15]]\n",
      "\n",
      "Step 54:\n",
      "[[ 1 21  4 14  9]\n",
      " [12  7 19  0  5]\n",
      " [11  3  6 24 20]\n",
      " [23 17  8 13 10]\n",
      " [ 2 22 16 18 15]]\n",
      "\n",
      "Step 55:\n",
      "[[ 1 21  4  0  9]\n",
      " [12  7 19 14  5]\n",
      " [11  3  6 24 20]\n",
      " [23 17  8 13 10]\n",
      " [ 2 22 16 18 15]]\n",
      "\n",
      "Step 56:\n",
      "[[ 1 21  4  9  0]\n",
      " [12  7 19 14  5]\n",
      " [11  3  6 24 20]\n",
      " [23 17  8 13 10]\n",
      " [ 2 22 16 18 15]]\n",
      "\n",
      "Step 57:\n",
      "[[ 1 21  4  9  5]\n",
      " [12  7 19 14  0]\n",
      " [11  3  6 24 20]\n",
      " [23 17  8 13 10]\n",
      " [ 2 22 16 18 15]]\n",
      "\n",
      "Step 58:\n",
      "[[ 1 21  4  9  5]\n",
      " [12  7 19  0 14]\n",
      " [11  3  6 24 20]\n",
      " [23 17  8 13 10]\n",
      " [ 2 22 16 18 15]]\n",
      "\n",
      "Step 59:\n",
      "[[ 1 21  4  9  5]\n",
      " [12  7  0 19 14]\n",
      " [11  3  6 24 20]\n",
      " [23 17  8 13 10]\n",
      " [ 2 22 16 18 15]]\n",
      "\n",
      "Step 60:\n",
      "[[ 1 21  4  9  5]\n",
      " [12  7  6 19 14]\n",
      " [11  3  0 24 20]\n",
      " [23 17  8 13 10]\n",
      " [ 2 22 16 18 15]]\n",
      "\n",
      "Step 61:\n",
      "[[ 1 21  4  9  5]\n",
      " [12  7  6 19 14]\n",
      " [11  3  8 24 20]\n",
      " [23 17  0 13 10]\n",
      " [ 2 22 16 18 15]]\n",
      "\n",
      "Step 62:\n",
      "[[ 1 21  4  9  5]\n",
      " [12  7  6 19 14]\n",
      " [11  3  8 24 20]\n",
      " [23 17 13  0 10]\n",
      " [ 2 22 16 18 15]]\n",
      "\n",
      "Step 63:\n",
      "[[ 1 21  4  9  5]\n",
      " [12  7  6 19 14]\n",
      " [11  3  8  0 20]\n",
      " [23 17 13 24 10]\n",
      " [ 2 22 16 18 15]]\n",
      "\n",
      "Step 64:\n",
      "[[ 1 21  4  9  5]\n",
      " [12  7  6  0 14]\n",
      " [11  3  8 19 20]\n",
      " [23 17 13 24 10]\n",
      " [ 2 22 16 18 15]]\n",
      "\n",
      "Step 65:\n",
      "[[ 1 21  4  0  5]\n",
      " [12  7  6  9 14]\n",
      " [11  3  8 19 20]\n",
      " [23 17 13 24 10]\n",
      " [ 2 22 16 18 15]]\n",
      "\n",
      "Step 66:\n",
      "[[ 1 21  0  4  5]\n",
      " [12  7  6  9 14]\n",
      " [11  3  8 19 20]\n",
      " [23 17 13 24 10]\n",
      " [ 2 22 16 18 15]]\n",
      "\n",
      "Step 67:\n",
      "[[ 1 21  6  4  5]\n",
      " [12  7  0  9 14]\n",
      " [11  3  8 19 20]\n",
      " [23 17 13 24 10]\n",
      " [ 2 22 16 18 15]]\n",
      "\n",
      "Step 68:\n",
      "[[ 1 21  6  4  5]\n",
      " [12  7  8  9 14]\n",
      " [11  3  0 19 20]\n",
      " [23 17 13 24 10]\n",
      " [ 2 22 16 18 15]]\n",
      "\n",
      "Step 69:\n",
      "[[ 1 21  6  4  5]\n",
      " [12  7  8  9 14]\n",
      " [11  3 13 19 20]\n",
      " [23 17  0 24 10]\n",
      " [ 2 22 16 18 15]]\n",
      "\n",
      "Step 70:\n",
      "[[ 1 21  6  4  5]\n",
      " [12  7  8  9 14]\n",
      " [11  3 13 19 20]\n",
      " [23 17 16 24 10]\n",
      " [ 2 22  0 18 15]]\n",
      "\n",
      "Step 71:\n",
      "[[ 1 21  6  4  5]\n",
      " [12  7  8  9 14]\n",
      " [11  3 13 19 20]\n",
      " [23 17 16 24 10]\n",
      " [ 2 22 18  0 15]]\n",
      "\n",
      "Step 72:\n",
      "[[ 1 21  6  4  5]\n",
      " [12  7  8  9 14]\n",
      " [11  3 13 19 20]\n",
      " [23 17 16  0 10]\n",
      " [ 2 22 18 24 15]]\n",
      "\n",
      "Step 73:\n",
      "[[ 1 21  6  4  5]\n",
      " [12  7  8  9 14]\n",
      " [11  3 13  0 20]\n",
      " [23 17 16 19 10]\n",
      " [ 2 22 18 24 15]]\n",
      "\n",
      "Step 74:\n",
      "[[ 1 21  6  4  5]\n",
      " [12  7  8  9 14]\n",
      " [11  3 13 20  0]\n",
      " [23 17 16 19 10]\n",
      " [ 2 22 18 24 15]]\n",
      "\n",
      "Step 75:\n",
      "[[ 1 21  6  4  5]\n",
      " [12  7  8  9 14]\n",
      " [11  3 13 20 10]\n",
      " [23 17 16 19  0]\n",
      " [ 2 22 18 24 15]]\n",
      "\n",
      "Step 76:\n",
      "[[ 1 21  6  4  5]\n",
      " [12  7  8  9 14]\n",
      " [11  3 13 20 10]\n",
      " [23 17 16 19 15]\n",
      " [ 2 22 18 24  0]]\n",
      "\n",
      "Step 77:\n",
      "[[ 1 21  6  4  5]\n",
      " [12  7  8  9 14]\n",
      " [11  3 13 20 10]\n",
      " [23 17 16 19 15]\n",
      " [ 2 22 18  0 24]]\n",
      "\n",
      "Step 78:\n",
      "[[ 1 21  6  4  5]\n",
      " [12  7  8  9 14]\n",
      " [11  3 13 20 10]\n",
      " [23 17 16  0 15]\n",
      " [ 2 22 18 19 24]]\n",
      "\n",
      "Step 79:\n",
      "[[ 1 21  6  4  5]\n",
      " [12  7  8  9 14]\n",
      " [11  3 13  0 10]\n",
      " [23 17 16 20 15]\n",
      " [ 2 22 18 19 24]]\n",
      "\n",
      "Step 80:\n",
      "[[ 1 21  6  4  5]\n",
      " [12  7  8  9 14]\n",
      " [11  3 13 10  0]\n",
      " [23 17 16 20 15]\n",
      " [ 2 22 18 19 24]]\n",
      "\n",
      "Step 81:\n",
      "[[ 1 21  6  4  5]\n",
      " [12  7  8  9 14]\n",
      " [11  3 13 10 15]\n",
      " [23 17 16 20  0]\n",
      " [ 2 22 18 19 24]]\n",
      "\n",
      "Step 82:\n",
      "[[ 1 21  6  4  5]\n",
      " [12  7  8  9 14]\n",
      " [11  3 13 10 15]\n",
      " [23 17 16  0 20]\n",
      " [ 2 22 18 19 24]]\n",
      "\n",
      "Step 83:\n",
      "[[ 1 21  6  4  5]\n",
      " [12  7  8  9 14]\n",
      " [11  3 13 10 15]\n",
      " [23 17 16 19 20]\n",
      " [ 2 22 18  0 24]]\n",
      "\n",
      "Step 84:\n",
      "[[ 1 21  6  4  5]\n",
      " [12  7  8  9 14]\n",
      " [11  3 13 10 15]\n",
      " [23 17 16 19 20]\n",
      " [ 2 22 18 24  0]]\n",
      "\n",
      "Step 85:\n",
      "[[ 1 21  6  4  5]\n",
      " [12  7  8  9 14]\n",
      " [11  3 13 10 15]\n",
      " [23 17 16 19  0]\n",
      " [ 2 22 18 24 20]]\n",
      "\n",
      "Step 86:\n",
      "[[ 1 21  6  4  5]\n",
      " [12  7  8  9 14]\n",
      " [11  3 13 10  0]\n",
      " [23 17 16 19 15]\n",
      " [ 2 22 18 24 20]]\n",
      "\n",
      "Step 87:\n",
      "[[ 1 21  6  4  5]\n",
      " [12  7  8  9 14]\n",
      " [11  3 13  0 10]\n",
      " [23 17 16 19 15]\n",
      " [ 2 22 18 24 20]]\n",
      "\n",
      "Step 88:\n",
      "[[ 1 21  6  4  5]\n",
      " [12  7  8  9 14]\n",
      " [11  3  0 13 10]\n",
      " [23 17 16 19 15]\n",
      " [ 2 22 18 24 20]]\n",
      "\n",
      "Step 89:\n",
      "[[ 1 21  6  4  5]\n",
      " [12  7  8  9 14]\n",
      " [11  0  3 13 10]\n",
      " [23 17 16 19 15]\n",
      " [ 2 22 18 24 20]]\n",
      "\n",
      "Step 90:\n",
      "[[ 1 21  6  4  5]\n",
      " [12  7  8  9 14]\n",
      " [11 17  3 13 10]\n",
      " [23  0 16 19 15]\n",
      " [ 2 22 18 24 20]]\n",
      "\n",
      "Step 91:\n",
      "[[ 1 21  6  4  5]\n",
      " [12  7  8  9 14]\n",
      " [11 17  3 13 10]\n",
      " [ 0 23 16 19 15]\n",
      " [ 2 22 18 24 20]]\n",
      "\n",
      "Step 92:\n",
      "[[ 1 21  6  4  5]\n",
      " [12  7  8  9 14]\n",
      " [11 17  3 13 10]\n",
      " [ 2 23 16 19 15]\n",
      " [ 0 22 18 24 20]]\n",
      "\n",
      "Step 93:\n",
      "[[ 1 21  6  4  5]\n",
      " [12  7  8  9 14]\n",
      " [11 17  3 13 10]\n",
      " [ 2 23 16 19 15]\n",
      " [22  0 18 24 20]]\n",
      "\n",
      "Step 94:\n",
      "[[ 1 21  6  4  5]\n",
      " [12  7  8  9 14]\n",
      " [11 17  3 13 10]\n",
      " [ 2  0 16 19 15]\n",
      " [22 23 18 24 20]]\n",
      "\n",
      "Step 95:\n",
      "[[ 1 21  6  4  5]\n",
      " [12  7  8  9 14]\n",
      " [11 17  3 13 10]\n",
      " [ 2 16  0 19 15]\n",
      " [22 23 18 24 20]]\n",
      "\n",
      "Step 96:\n",
      "[[ 1 21  6  4  5]\n",
      " [12  7  8  9 14]\n",
      " [11 17  3 13 10]\n",
      " [ 2 16 18 19 15]\n",
      " [22 23  0 24 20]]\n",
      "\n",
      "Step 97:\n",
      "[[ 1 21  6  4  5]\n",
      " [12  7  8  9 14]\n",
      " [11 17  3 13 10]\n",
      " [ 2 16 18 19 15]\n",
      " [22  0 23 24 20]]\n",
      "\n",
      "Step 98:\n",
      "[[ 1 21  6  4  5]\n",
      " [12  7  8  9 14]\n",
      " [11 17  3 13 10]\n",
      " [ 2  0 18 19 15]\n",
      " [22 16 23 24 20]]\n",
      "\n",
      "Step 99:\n",
      "[[ 1 21  6  4  5]\n",
      " [12  7  8  9 14]\n",
      " [11  0  3 13 10]\n",
      " [ 2 17 18 19 15]\n",
      " [22 16 23 24 20]]\n",
      "\n",
      "Step 100:\n",
      "[[ 1 21  6  4  5]\n",
      " [12  7  8  9 14]\n",
      " [11  3  0 13 10]\n",
      " [ 2 17 18 19 15]\n",
      " [22 16 23 24 20]]\n",
      "\n",
      "Step 101:\n",
      "[[ 1 21  6  4  5]\n",
      " [12  7  8  9 14]\n",
      " [11  3 13  0 10]\n",
      " [ 2 17 18 19 15]\n",
      " [22 16 23 24 20]]\n",
      "\n",
      "Step 102:\n",
      "[[ 1 21  6  4  5]\n",
      " [12  7  8  0 14]\n",
      " [11  3 13  9 10]\n",
      " [ 2 17 18 19 15]\n",
      " [22 16 23 24 20]]\n",
      "\n",
      "Step 103:\n",
      "[[ 1 21  6  4  5]\n",
      " [12  7  8 14  0]\n",
      " [11  3 13  9 10]\n",
      " [ 2 17 18 19 15]\n",
      " [22 16 23 24 20]]\n",
      "\n",
      "Step 104:\n",
      "[[ 1 21  6  4  5]\n",
      " [12  7  8 14 10]\n",
      " [11  3 13  9  0]\n",
      " [ 2 17 18 19 15]\n",
      " [22 16 23 24 20]]\n",
      "\n",
      "Step 105:\n",
      "[[ 1 21  6  4  5]\n",
      " [12  7  8 14 10]\n",
      " [11  3 13  0  9]\n",
      " [ 2 17 18 19 15]\n",
      " [22 16 23 24 20]]\n",
      "\n",
      "Step 106:\n",
      "[[ 1 21  6  4  5]\n",
      " [12  7  8  0 10]\n",
      " [11  3 13 14  9]\n",
      " [ 2 17 18 19 15]\n",
      " [22 16 23 24 20]]\n",
      "\n",
      "Step 107:\n",
      "[[ 1 21  6  4  5]\n",
      " [12  7  0  8 10]\n",
      " [11  3 13 14  9]\n",
      " [ 2 17 18 19 15]\n",
      " [22 16 23 24 20]]\n",
      "\n",
      "Step 108:\n",
      "[[ 1 21  6  4  5]\n",
      " [12  0  7  8 10]\n",
      " [11  3 13 14  9]\n",
      " [ 2 17 18 19 15]\n",
      " [22 16 23 24 20]]\n",
      "\n",
      "Step 109:\n",
      "[[ 1  0  6  4  5]\n",
      " [12 21  7  8 10]\n",
      " [11  3 13 14  9]\n",
      " [ 2 17 18 19 15]\n",
      " [22 16 23 24 20]]\n",
      "\n",
      "Step 110:\n",
      "[[ 1  6  0  4  5]\n",
      " [12 21  7  8 10]\n",
      " [11  3 13 14  9]\n",
      " [ 2 17 18 19 15]\n",
      " [22 16 23 24 20]]\n",
      "\n",
      "Step 111:\n",
      "[[ 1  6  7  4  5]\n",
      " [12 21  0  8 10]\n",
      " [11  3 13 14  9]\n",
      " [ 2 17 18 19 15]\n",
      " [22 16 23 24 20]]\n",
      "\n",
      "Step 112:\n",
      "[[ 1  6  7  4  5]\n",
      " [12 21 13  8 10]\n",
      " [11  3  0 14  9]\n",
      " [ 2 17 18 19 15]\n",
      " [22 16 23 24 20]]\n",
      "\n",
      "Step 113:\n",
      "[[ 1  6  7  4  5]\n",
      " [12 21 13  8 10]\n",
      " [11  0  3 14  9]\n",
      " [ 2 17 18 19 15]\n",
      " [22 16 23 24 20]]\n",
      "\n",
      "Step 114:\n",
      "[[ 1  6  7  4  5]\n",
      " [12  0 13  8 10]\n",
      " [11 21  3 14  9]\n",
      " [ 2 17 18 19 15]\n",
      " [22 16 23 24 20]]\n",
      "\n",
      "Step 115:\n",
      "[[ 1  6  7  4  5]\n",
      " [ 0 12 13  8 10]\n",
      " [11 21  3 14  9]\n",
      " [ 2 17 18 19 15]\n",
      " [22 16 23 24 20]]\n",
      "\n",
      "Step 116:\n",
      "[[ 1  6  7  4  5]\n",
      " [11 12 13  8 10]\n",
      " [ 0 21  3 14  9]\n",
      " [ 2 17 18 19 15]\n",
      " [22 16 23 24 20]]\n",
      "\n",
      "Step 117:\n",
      "[[ 1  6  7  4  5]\n",
      " [11 12 13  8 10]\n",
      " [21  0  3 14  9]\n",
      " [ 2 17 18 19 15]\n",
      " [22 16 23 24 20]]\n",
      "\n",
      "Step 118:\n",
      "[[ 1  6  7  4  5]\n",
      " [11  0 13  8 10]\n",
      " [21 12  3 14  9]\n",
      " [ 2 17 18 19 15]\n",
      " [22 16 23 24 20]]\n",
      "\n",
      "Step 119:\n",
      "[[ 1  6  7  4  5]\n",
      " [11 13  0  8 10]\n",
      " [21 12  3 14  9]\n",
      " [ 2 17 18 19 15]\n",
      " [22 16 23 24 20]]\n",
      "\n",
      "Step 120:\n",
      "[[ 1  6  7  4  5]\n",
      " [11 13  3  8 10]\n",
      " [21 12  0 14  9]\n",
      " [ 2 17 18 19 15]\n",
      " [22 16 23 24 20]]\n",
      "\n",
      "Step 121:\n",
      "[[ 1  6  7  4  5]\n",
      " [11 13  3  8 10]\n",
      " [21  0 12 14  9]\n",
      " [ 2 17 18 19 15]\n",
      " [22 16 23 24 20]]\n",
      "\n",
      "Step 122:\n",
      "[[ 1  6  7  4  5]\n",
      " [11  0  3  8 10]\n",
      " [21 13 12 14  9]\n",
      " [ 2 17 18 19 15]\n",
      " [22 16 23 24 20]]\n",
      "\n",
      "Step 123:\n",
      "[[ 1  0  7  4  5]\n",
      " [11  6  3  8 10]\n",
      " [21 13 12 14  9]\n",
      " [ 2 17 18 19 15]\n",
      " [22 16 23 24 20]]\n",
      "\n",
      "Step 124:\n",
      "[[ 1  7  0  4  5]\n",
      " [11  6  3  8 10]\n",
      " [21 13 12 14  9]\n",
      " [ 2 17 18 19 15]\n",
      " [22 16 23 24 20]]\n",
      "\n",
      "Step 125:\n",
      "[[ 1  7  3  4  5]\n",
      " [11  6  0  8 10]\n",
      " [21 13 12 14  9]\n",
      " [ 2 17 18 19 15]\n",
      " [22 16 23 24 20]]\n",
      "\n",
      "Step 126:\n",
      "[[ 1  7  3  4  5]\n",
      " [11  6 12  8 10]\n",
      " [21 13  0 14  9]\n",
      " [ 2 17 18 19 15]\n",
      " [22 16 23 24 20]]\n",
      "\n",
      "Step 127:\n",
      "[[ 1  7  3  4  5]\n",
      " [11  6 12  8 10]\n",
      " [21  0 13 14  9]\n",
      " [ 2 17 18 19 15]\n",
      " [22 16 23 24 20]]\n",
      "\n",
      "Step 128:\n",
      "[[ 1  7  3  4  5]\n",
      " [11  6 12  8 10]\n",
      " [ 0 21 13 14  9]\n",
      " [ 2 17 18 19 15]\n",
      " [22 16 23 24 20]]\n",
      "\n",
      "Step 129:\n",
      "[[ 1  7  3  4  5]\n",
      " [ 0  6 12  8 10]\n",
      " [11 21 13 14  9]\n",
      " [ 2 17 18 19 15]\n",
      " [22 16 23 24 20]]\n",
      "\n",
      "Step 130:\n",
      "[[ 1  7  3  4  5]\n",
      " [ 6  0 12  8 10]\n",
      " [11 21 13 14  9]\n",
      " [ 2 17 18 19 15]\n",
      " [22 16 23 24 20]]\n",
      "\n",
      "Step 131:\n",
      "[[ 1  7  3  4  5]\n",
      " [ 6 12  0  8 10]\n",
      " [11 21 13 14  9]\n",
      " [ 2 17 18 19 15]\n",
      " [22 16 23 24 20]]\n",
      "\n",
      "Step 132:\n",
      "[[ 1  7  3  4  5]\n",
      " [ 6 12  8  0 10]\n",
      " [11 21 13 14  9]\n",
      " [ 2 17 18 19 15]\n",
      " [22 16 23 24 20]]\n",
      "\n",
      "Step 133:\n",
      "[[ 1  7  3  4  5]\n",
      " [ 6 12  8 10  0]\n",
      " [11 21 13 14  9]\n",
      " [ 2 17 18 19 15]\n",
      " [22 16 23 24 20]]\n",
      "\n",
      "Step 134:\n",
      "[[ 1  7  3  4  5]\n",
      " [ 6 12  8 10  9]\n",
      " [11 21 13 14  0]\n",
      " [ 2 17 18 19 15]\n",
      " [22 16 23 24 20]]\n",
      "\n",
      "Step 135:\n",
      "[[ 1  7  3  4  5]\n",
      " [ 6 12  8 10  9]\n",
      " [11 21 13 14 15]\n",
      " [ 2 17 18 19  0]\n",
      " [22 16 23 24 20]]\n",
      "\n",
      "Step 136:\n",
      "[[ 1  7  3  4  5]\n",
      " [ 6 12  8 10  9]\n",
      " [11 21 13 14 15]\n",
      " [ 2 17 18  0 19]\n",
      " [22 16 23 24 20]]\n",
      "\n",
      "Step 137:\n",
      "[[ 1  7  3  4  5]\n",
      " [ 6 12  8 10  9]\n",
      " [11 21 13 14 15]\n",
      " [ 2 17  0 18 19]\n",
      " [22 16 23 24 20]]\n",
      "\n",
      "Step 138:\n",
      "[[ 1  7  3  4  5]\n",
      " [ 6 12  8 10  9]\n",
      " [11 21 13 14 15]\n",
      " [ 2  0 17 18 19]\n",
      " [22 16 23 24 20]]\n",
      "\n",
      "Step 139:\n",
      "[[ 1  7  3  4  5]\n",
      " [ 6 12  8 10  9]\n",
      " [11  0 13 14 15]\n",
      " [ 2 21 17 18 19]\n",
      " [22 16 23 24 20]]\n",
      "\n",
      "Step 140:\n",
      "[[ 1  7  3  4  5]\n",
      " [ 6 12  8 10  9]\n",
      " [ 0 11 13 14 15]\n",
      " [ 2 21 17 18 19]\n",
      " [22 16 23 24 20]]\n",
      "\n",
      "Step 141:\n",
      "[[ 1  7  3  4  5]\n",
      " [ 6 12  8 10  9]\n",
      " [ 2 11 13 14 15]\n",
      " [ 0 21 17 18 19]\n",
      " [22 16 23 24 20]]\n",
      "\n",
      "Step 142:\n",
      "[[ 1  7  3  4  5]\n",
      " [ 6 12  8 10  9]\n",
      " [ 2 11 13 14 15]\n",
      " [21  0 17 18 19]\n",
      " [22 16 23 24 20]]\n",
      "\n",
      "Step 143:\n",
      "[[ 1  7  3  4  5]\n",
      " [ 6 12  8 10  9]\n",
      " [ 2 11 13 14 15]\n",
      " [21 16 17 18 19]\n",
      " [22  0 23 24 20]]\n",
      "\n",
      "Step 144:\n",
      "[[ 1  7  3  4  5]\n",
      " [ 6 12  8 10  9]\n",
      " [ 2 11 13 14 15]\n",
      " [21 16 17 18 19]\n",
      " [ 0 22 23 24 20]]\n",
      "\n",
      "Step 145:\n",
      "[[ 1  7  3  4  5]\n",
      " [ 6 12  8 10  9]\n",
      " [ 2 11 13 14 15]\n",
      " [ 0 16 17 18 19]\n",
      " [21 22 23 24 20]]\n",
      "\n",
      "Step 146:\n",
      "[[ 1  7  3  4  5]\n",
      " [ 6 12  8 10  9]\n",
      " [ 2 11 13 14 15]\n",
      " [16  0 17 18 19]\n",
      " [21 22 23 24 20]]\n",
      "\n",
      "Step 147:\n",
      "[[ 1  7  3  4  5]\n",
      " [ 6 12  8 10  9]\n",
      " [ 2 11 13 14 15]\n",
      " [16 17  0 18 19]\n",
      " [21 22 23 24 20]]\n",
      "\n",
      "Step 148:\n",
      "[[ 1  7  3  4  5]\n",
      " [ 6 12  8 10  9]\n",
      " [ 2 11 13 14 15]\n",
      " [16 17 18  0 19]\n",
      " [21 22 23 24 20]]\n",
      "\n",
      "Step 149:\n",
      "[[ 1  7  3  4  5]\n",
      " [ 6 12  8 10  9]\n",
      " [ 2 11 13 14 15]\n",
      " [16 17 18 19  0]\n",
      " [21 22 23 24 20]]\n",
      "\n",
      "Step 150:\n",
      "[[ 1  7  3  4  5]\n",
      " [ 6 12  8 10  9]\n",
      " [ 2 11 13 14  0]\n",
      " [16 17 18 19 15]\n",
      " [21 22 23 24 20]]\n",
      "\n",
      "Step 151:\n",
      "[[ 1  7  3  4  5]\n",
      " [ 6 12  8 10  0]\n",
      " [ 2 11 13 14  9]\n",
      " [16 17 18 19 15]\n",
      " [21 22 23 24 20]]\n",
      "\n",
      "Step 152:\n",
      "[[ 1  7  3  4  5]\n",
      " [ 6 12  8  0 10]\n",
      " [ 2 11 13 14  9]\n",
      " [16 17 18 19 15]\n",
      " [21 22 23 24 20]]\n",
      "\n",
      "Step 153:\n",
      "[[ 1  7  3  4  5]\n",
      " [ 6 12  0  8 10]\n",
      " [ 2 11 13 14  9]\n",
      " [16 17 18 19 15]\n",
      " [21 22 23 24 20]]\n",
      "\n",
      "Step 154:\n",
      "[[ 1  7  3  4  5]\n",
      " [ 6  0 12  8 10]\n",
      " [ 2 11 13 14  9]\n",
      " [16 17 18 19 15]\n",
      " [21 22 23 24 20]]\n",
      "\n",
      "Step 155:\n",
      "[[ 1  0  3  4  5]\n",
      " [ 6  7 12  8 10]\n",
      " [ 2 11 13 14  9]\n",
      " [16 17 18 19 15]\n",
      " [21 22 23 24 20]]\n",
      "\n",
      "Step 156:\n",
      "[[ 0  1  3  4  5]\n",
      " [ 6  7 12  8 10]\n",
      " [ 2 11 13 14  9]\n",
      " [16 17 18 19 15]\n",
      " [21 22 23 24 20]]\n",
      "\n",
      "Step 157:\n",
      "[[ 6  1  3  4  5]\n",
      " [ 0  7 12  8 10]\n",
      " [ 2 11 13 14  9]\n",
      " [16 17 18 19 15]\n",
      " [21 22 23 24 20]]\n",
      "\n",
      "Step 158:\n",
      "[[ 6  1  3  4  5]\n",
      " [ 2  7 12  8 10]\n",
      " [ 0 11 13 14  9]\n",
      " [16 17 18 19 15]\n",
      " [21 22 23 24 20]]\n",
      "\n",
      "Step 159:\n",
      "[[ 6  1  3  4  5]\n",
      " [ 2  7 12  8 10]\n",
      " [11  0 13 14  9]\n",
      " [16 17 18 19 15]\n",
      " [21 22 23 24 20]]\n",
      "\n",
      "Step 160:\n",
      "[[ 6  1  3  4  5]\n",
      " [ 2  0 12  8 10]\n",
      " [11  7 13 14  9]\n",
      " [16 17 18 19 15]\n",
      " [21 22 23 24 20]]\n",
      "\n",
      "Step 161:\n",
      "[[ 6  1  3  4  5]\n",
      " [ 0  2 12  8 10]\n",
      " [11  7 13 14  9]\n",
      " [16 17 18 19 15]\n",
      " [21 22 23 24 20]]\n",
      "\n",
      "Step 162:\n",
      "[[ 0  1  3  4  5]\n",
      " [ 6  2 12  8 10]\n",
      " [11  7 13 14  9]\n",
      " [16 17 18 19 15]\n",
      " [21 22 23 24 20]]\n",
      "\n",
      "Step 163:\n",
      "[[ 1  0  3  4  5]\n",
      " [ 6  2 12  8 10]\n",
      " [11  7 13 14  9]\n",
      " [16 17 18 19 15]\n",
      " [21 22 23 24 20]]\n",
      "\n",
      "Step 164:\n",
      "[[ 1  2  3  4  5]\n",
      " [ 6  0 12  8 10]\n",
      " [11  7 13 14  9]\n",
      " [16 17 18 19 15]\n",
      " [21 22 23 24 20]]\n",
      "\n",
      "Step 165:\n",
      "[[ 1  2  3  4  5]\n",
      " [ 6  7 12  8 10]\n",
      " [11  0 13 14  9]\n",
      " [16 17 18 19 15]\n",
      " [21 22 23 24 20]]\n",
      "\n",
      "Step 166:\n",
      "[[ 1  2  3  4  5]\n",
      " [ 6  7 12  8 10]\n",
      " [11 17 13 14  9]\n",
      " [16  0 18 19 15]\n",
      " [21 22 23 24 20]]\n",
      "\n",
      "Step 167:\n",
      "[[ 1  2  3  4  5]\n",
